,0,1,2,3,4,5
0,0.215817067690581,0.09876129630418956,0.23469559642575746,0.04462375356531801,0.22732142973602512,0.17878085627812873
1,0.22796774586406843,0.0384401870581451,0.25015961408714943,0.22180349842985125,0.2344577996082563,0.02717115495252944
2,0.34589146635041024,0.005082475590182565,0.2710457802663294,0.14240418666902807,0.193627504359868,0.041948586764181825
3,0.0872871588763271,0.1363058466870263,0.16425846428562874,0.29871136909552803,0.2522753633015719,0.06116179775391798
4,0.2771903156733005,0.0451645620445592,0.1975921541138421,0.11387953388101425,0.15013244550156998,0.21604098878571398
5,0.09064509135596513,0.2495390477508736,0.3755866858374293,0.11348300205878853,0.02431399066707311,0.14643218232987018
6,0.1265548391861427,0.12286255591512348,0.3205389815684019,0.23701915478836522,0.005837129785464603,0.18718733875650204
7,0.15177463785369663,0.19478125941658495,0.2293990477621942,0.1927367107978266,0.19843278321025082,0.032875560959446916
8,0.17158963627809837,0.0260300483410865,0.23995075121960183,0.21174887317746177,0.28649173500257186,0.06418895598117967
9,0.026636934052604408,0.17668552681106395,0.38769667475611835,0.18188829933297038,0.20734341047260726,0.019749154574635667
10,0.10274229668313391,0.00380917557796259,0.2881971276110685,0.02293714037707779,0.2607241968937348,0.32159006285702235
11,0.165456271073425,0.09496982318018313,0.2710333788407676,0.11311785960011785,0.2654092932137627,0.09001337409174372
12,0.1802263392327132,0.04987973642766754,0.21959024135035318,0.12512761672332065,0.25419279625052105,0.17098327001542435
13,0.10031619662410247,0.18015684007553917,0.18171858827024828,0.08566143166832375,0.24580510279941475,0.2063418405623717
14,0.18932792803707782,0.21397563163787797,0.13234788902354844,0.011154965060070425,0.22663361477878868,0.22655997146263668
15,0.2462924457171094,0.18950062615855007,0.07141287108461018,0.04676365878776217,0.20601416895530517,0.24001622929666291
16,0.1816118311560381,0.013741474586250857,0.10359491436167602,0.10707024133768604,0.3578595389337326,0.23612199962461633
17,0.11573994686784009,0.1065144650928047,0.3353296461615644,0.0697173398200309,0.18521832271729766,0.1874802793404623
18,0.0891296217721341,0.36744560841832496,0.1316169845379068,0.022508888986843983,0.3448763168047615,0.04442257948002863
19,0.11049793286914959,0.2803109765453297,0.22010980163330837,0.07569293045034825,0.1812687856993714,0.13211957280249265
20,0.07993785554930109,0.1023928345045401,0.096836788592174,0.18082232740074064,0.29709161746325724,0.24291857648998696
21,0.13494309237148974,0.19797831995112064,0.11080941993533867,0.06365371471432614,0.20431971846289362,0.28829573456483126
22,0.05837420735791822,0.22930351196349,0.08404109171236956,0.16112593177078866,0.25305361253891795,0.21410164465651568
23,0.20219638102395035,0.2301042680690181,0.013424858247603049,0.06000508187103978,0.18752621743191458,0.30674319335647404
24,0.3030091981900235,0.005782762484579135,0.29495095274243244,0.09453580171662301,0.2998908341992206,0.0018304506671213338
25,0.060795916720167334,0.15355155325167383,0.19115682769339679,0.2451716411851385,0.20647643765169466,0.1428476234979288
26,0.2291290870547488,0.1885702864218666,0.10275328646288945,0.08207884953944941,0.23266846153669818,0.16480002898434745
27,0.11586361257549352,0.20992102724788872,0.18044747241068151,0.18505293714485566,0.19155864442740425,0.1171563061936763
28,0.2264925385924758,0.19968360604366706,0.23345648493657467,0.13746582674012486,0.023995482112836277,0.17890606157432123
29,0.15157832226088133,0.24880341950719298,0.21178460863280868,0.07185765309438773,0.056303791822803505,0.25967220468192564
30,0.22641728394801566,0.16922409952419273,0.24602186739540272,0.0323264456957043,0.19472497207369968,0.13128533136298476
31,0.17354465566322047,0.11924118203912899,0.23278061397057576,0.06151286213423472,0.2717705517405734,0.14115013445226676
32,0.09731307043166776,0.24054146734285875,0.19962337342506176,0.118956779067283,0.21474501237630075,0.12882029735682798
33,0.25552801749822596,0.08415185877659652,0.16410822252192184,0.18360941302864506,0.2617467633933648,0.05085572478124589
34,0.01894778892972312,0.05469806630762218,0.22804990800312874,0.17848645033464816,0.24067571954297914,0.2791420668818987
35,0.09537637061968918,0.13434154204684778,0.30098204338731416,0.03543666542962017,0.22189085053797414,0.21197252797855448
36,0.058411750761879405,0.2937587297925653,0.12304087304264381,0.02541635173840741,0.2991375407287785,0.20023475393572554
37,0.06650913531498265,0.2514097502388983,0.21801059522177968,0.10601649922704436,0.18964412412928533,0.1684098958680097
38,0.01848676336626597,0.17980221644950378,0.23860420144728087,0.20751686188054838,0.19885984403271037,0.15673011282369062
39,0.29454076402035023,0.24978508879071581,0.16771751647198407,0.04835549723773358,0.17667148228570323,0.06292965119351308
40,0.13262866031454268,0.14609474008425782,0.16790986142484343,0.20746441650725123,0.17501790450241508,0.17088441716668987
41,0.20632118675017178,0.22099843978325165,0.1480019798048698,0.1318907398497022,0.11707807130001122,0.1757095825119933
42,0.08285477770367111,0.10737060895148459,0.17695202731959583,0.20791354076267393,0.1855076111028128,0.2394014341597618
43,0.1293750922872164,0.12394326810783818,0.14636727255290666,0.07692438013834436,0.1588349818625606,0.3645550050511338
44,0.12314458235124594,0.3828068825080261,0.13857432907428463,0.10118776093556733,0.11261062304639835,0.14167582208447768
45,0.1809263873374878,0.10657892938541298,0.4030779403310388,0.03445364296069772,0.27351085894535476,0.0014522410400079077
46,0.06128161444090565,0.16329897319147585,0.27107687790355905,0.06596862736330053,0.28628584856586864,0.15208805853489046
47,0.18358958291715863,0.18149843324150505,0.01718285473703545,0.2955956972812685,0.28831773333480964,0.03381569848822261
48,0.13210680642472697,0.35792328889706054,0.04674296885393623,0.129120464676049,0.1820356210770186,0.15207085007120863
49,0.2158250722495766,0.09761243716098902,0.09252522881538996,0.17866162140464853,0.185369808006914,0.2300058323624819
50,0.1853939446934475,0.16549190047613388,0.22090089008324812,0.33810974305368274,0.06401315956819513,0.026090362125292633
51,0.1386746238146994,0.26847411233544033,0.04917976390130884,0.04595259495574143,0.3240760320516264,0.17364287294118377
52,0.22219998352651743,0.23990807354370797,0.053738860360687375,0.2916263212519917,0.15920525868834842,0.03332150262874722
53,0.09417999861282683,0.34610658851639176,0.15276909144571274,0.11322145490795112,0.26780218121766713,0.025920685299450383
54,0.198603723652492,0.12795765960189534,0.03963355257375985,0.20026001405069677,0.23287811656942992,0.2006669335517261
55,0.05011029612298091,0.3222669479516718,0.02647482242122791,0.031068407614765627,0.30281290508195774,0.26726662080739605
56,0.020915566056017056,0.09330406565053913,0.2793322075303935,0.19232805913361115,0.21936981587199592,0.19475028575744333
57,0.37278041523442984,0.1839737409208571,0.08820005053593473,0.038435466831128876,0.030722395372655947,0.2858879311049933
58,0.2610449865632675,0.16777449147825146,0.11954010805479437,0.09147537031781085,0.2755323021657497,0.08463274142012617
59,0.029551563045970012,0.23523408361591513,0.25764596444668,0.036650985230873796,0.192057094841814,0.24886030881874724
60,0.14103186223904318,0.027511379681009595,0.22581148465730833,0.19527059724090257,0.3583006227880625,0.052074053393673866
61,0.20999702259864947,0.24447285338582894,0.2039603127458418,0.1169503186409822,0.18840024211491904,0.03621925051377849
62,0.17069498773122552,0.31059739009988424,0.14545764344894116,0.005870309071547388,0.31126353473413476,0.056116134914266945
63,0.31988729448015363,0.05445043297544796,0.14170157406341785,0.15239773517073926,0.31872447424510914,0.01283848906513213
64,0.20754488361415405,0.022425293542181604,0.09604718681295385,0.2512171447656186,0.21713137378431918,0.20563411748077268
65,0.09230436459391707,0.1959242535759891,0.09890340900544181,0.08981609631127466,0.3656052392831326,0.15744663723024477
66,0.0007016190690708217,0.21601445511188844,0.20462098483636687,0.2506626016958567,0.2785194428600845,0.04948089642673268
67,0.19111216556449068,0.17140473551622712,0.17599805609286853,0.14012380776090957,0.2484088241305849,0.07295241093491918
68,0.014284704976421135,0.03426345525710513,0.11750385789385126,0.28690280784787786,0.26648350617104477,0.28056166785369985
69,0.1716025409359354,0.20661685476350447,0.23784368408648007,0.12222104241140985,0.2317019463754662,0.03001393142720414
70,0.11769319621488505,0.11580579647420977,0.2921805091495189,0.053245359549194994,0.23568896558165617,0.18538617303053512
71,0.18714152270849888,0.21415195487287983,0.15370863219954767,0.1324240233545635,0.10257198363621549,0.21000188322829455
72,0.1636445374686199,0.019793753646115877,0.16149881635119764,0.17148601964649118,0.2482281245258075,0.23534874836176792
73,0.15567068627620434,0.3384534233103325,0.011514113498792222,0.035081600567219914,0.2767994668513416,0.1824807094961093
74,0.037501979680134155,0.19372636814101846,0.005851509712892691,0.25064692999428867,0.20504089612259443,0.30723231634907167
75,0.10943442047421248,0.33968397216161816,0.2469096981742096,0.19057265843170204,0.08023238218182221,0.033166868576435346
76,0.29281245314472815,0.13659594687132787,0.0181559196257006,0.19464050050076276,0.3230734343810741,0.03472174547640667
77,0.2999575771604987,0.022327907389290247,0.17074581031864988,0.126878832594947,0.21805972047835037,0.16203015205826382
78,0.12366139574988876,0.3332167903955527,0.16026679251726775,0.0421300019339537,0.23514915940547626,0.10557585999786087
79,0.1446009749583053,0.1975089980351927,0.2686992505293917,0.052486055119857655,0.1969066677206604,0.13979805363659217
80,0.10472025020957759,0.22285598173979854,0.08172124354177435,0.12962164211866914,0.25220587290220287,0.20887500948797755
81,0.12434315990902725,0.3118116975331924,0.034244933367752216,0.3091606457659676,0.17776915246078986,0.04267041096327074
82,0.016457236403476586,0.24651172032394697,0.18314874884508758,0.09609251444022986,0.21501318380765572,0.24277659617960334
83,0.11021025988984909,0.02544621946821734,0.23631771694654305,0.09458108815413145,0.3234741596046522,0.20997055593660688
84,0.24200149155937578,0.2418295770532844,0.1584500000851145,0.13275818373435222,0.15130919407249566,0.07365155349537737
85,0.06347458138447812,0.25427832015585544,0.03202377063616874,0.20831836109060747,0.3064528219120414,0.13545214482084889
86,0.029832648850365365,0.2544039555771847,0.23063626327669906,0.0992429511048318,0.2669533021188464,0.11893087907207267
87,0.15028792853648212,0.2289260772981954,0.0034374415494761745,0.1171427661501062,0.2661557906451742,0.2340499958205658
88,0.11648301187870858,0.034460810730254546,0.2665830297777268,0.21034507964305402,0.21515677265304087,0.15697129531721515
89,0.22396390459042692,0.284102899626488,0.011941247863155865,0.09239877404969969,0.37548766659938076,0.01210550727084879
90,0.12459011707193049,0.0048981846466994265,0.12416380134338621,0.1252056271102953,0.2995943716413156,0.32154789818637286
91,0.18708211779582457,0.31194175111621497,0.22547401910507298,0.04393207380974644,0.03511323933696817,0.19645679883617298
92,0.1676942928276868,0.25194630006576585,0.040123170872319744,0.05342406820006645,0.2925573881958746,0.19425477983828654
93,0.0049502608896095784,0.27936312363882737,0.04788665876428511,0.21950384928785371,0.2708427273215012,0.1774533800979229
94,0.2453698766426196,0.03735917946279888,0.17646157423563794,0.24926935110003526,0.26476958618471197,0.026770432374196334
95,0.2567897402360971,0.10438283206309197,0.0951690671245421,0.18825527333685946,0.23297066336424999,0.12243242387515937
96,0.07082711361637824,0.21730648944800152,0.02365554682380558,0.17361214794437668,0.23563362033572893,0.27896508183170915
97,0.23446241451308003,0.2911049147694877,0.043535146552358454,0.2719771207619783,0.09992858590023065,0.05899181750286478
98,0.13321854426184512,0.12786816681583468,0.31701239789166424,0.1438678162061281,0.0783988757970581,0.19963419902746973
99,0.23897591115048156,0.17866272787957008,0.03344006917375242,0.017439333600144824,0.1294683509038627,0.40201360729218844
100,0.25176647451273193,0.2496659923580731,0.019560554983562326,0.012449643047800538,0.16445965651888692,0.3020976785789452
101,0.16391085406505138,0.19371891940601002,0.09423837751504423,0.038622922373130475,0.2512017584206198,0.25830716822014416
102,0.14570293832949271,0.3318013986315357,0.05880167856552726,0.17619674717996053,0.09250896297844981,0.1949882743150339
103,0.30614771598829094,0.020431656063749346,0.2978699599259221,0.10131222322160204,0.26197764701895027,0.012260797781485427
104,0.18260741633254296,0.2304612880616008,0.16795532768904142,0.19955612822333466,0.17268466844028837,0.04673517125319165
105,0.1926377753142127,0.0930474525459163,0.32024219419292954,0.040943510696773565,0.22209961752389057,0.1310294497262774
106,0.04756955065997833,0.340943440415098,0.16577537565208456,0.04678736700624289,0.2170296229957196,0.1818946432708767
107,0.16395545684076177,0.13775576218638436,0.0951745449789442,0.06011537964230381,0.32025940783969453,0.22273944851191133
108,0.029571667334921222,0.30626707067893477,0.04481776497278733,0.07427122682851911,0.4382186422661818,0.1068536279186558
109,0.2579143380811096,0.008616033828924506,0.011283959360157558,0.2094596095351462,0.017473160796772393,0.4952528983978898
110,0.01934458637822248,0.14639322967608698,0.07137047022371051,0.19497671657357668,0.3201578758994626,0.24775712124894064
111,0.057701033195087015,0.3268801676323122,0.20464161797269234,0.004896215928951664,0.29393552463540135,0.11194544063555546
112,0.11133784469991957,0.24352323327287806,0.26121493660481765,0.07522550332024507,0.17730478930329974,0.13139369279884
113,0.01188074675328244,0.15159250484037637,0.04702311854324268,0.2916193380433466,0.18083484824416302,0.31704944357558884
114,0.10192133852763378,0.20311940108700746,0.12518731271519426,0.2549282271538263,0.10745721950002182,0.20738650101631642
115,0.18428547241003532,0.2185944130396709,0.2123201368790173,0.0717660056212532,0.23400675133961268,0.07902722071041057
116,0.061338486427685614,0.09078766492181627,0.07245441521085311,0.15522704287783634,0.23504741978347335,0.38514497077833537
117,0.17659671373497215,0.13281548152821934,0.1805029421522486,0.2625617547077463,0.21822132572387895,0.029301782152934643
118,0.1290798394461378,0.06981899285414803,0.16559998540643672,0.11090986109088058,0.2107774242166341,0.31381389698576273
119,0.21156120879449264,0.25923151070447426,0.11573486055616623,0.1787419387649198,0.15838025152568047,0.07635022965426652
120,0.16175154987476323,0.17964093285184807,0.14305570759521669,0.19185799088021094,0.19678846280878948,0.12690535598917146
121,0.06140187351808564,0.32080320985942457,0.004730778053277118,0.02452508058521783,0.487034496882353,0.10150456110164197
122,0.06472059401102566,0.15889917557784408,0.1976401358631949,0.1902377571095917,0.18564094739491177,0.20286139004343187
123,0.04408745785327777,0.22584795904097787,0.07153022698393442,0.2733884605555197,0.22205414263122933,0.1630917529350608
124,0.07379939732181512,0.11868225832671261,0.05960028189948591,0.041228566842723656,0.35509114588103813,0.3515983497282245
125,0.09382799496418874,0.0804916894191996,0.039569435572121385,0.45031605540744596,0.16449606990797996,0.1712987547290643
126,0.27453134809174884,0.09807247353953795,0.004217365126760173,0.04663385566461072,0.36459674575623463,0.21194821182110776
127,0.19727239373619837,0.2566416437510636,0.12673185576095966,0.12801699709261796,0.13125506748262963,0.1600820421765308
128,0.038299388986910404,0.15342157961266312,0.3965452205154574,0.12634241119538464,0.09170557357052864,0.19368582611905583
129,0.056783735418645544,0.09622871204752909,0.26880363676885094,0.24584685488476957,0.25929113795402453,0.07304592292618035
130,0.07774742900871105,0.14490149288959744,0.15969539514771874,0.22432812500408056,0.2774294218488985,0.11589813610099366
131,0.0713856244768491,0.20701091360545607,0.2558360507422186,0.0937135781170845,0.2517536310569258,0.12030020200146592
132,0.23832440130150984,0.08985942301786123,0.19466775263967287,0.03280196721572377,0.16934051403001502,0.2750059417952173
133,0.12032186174975705,0.13095198310736553,0.2622450780243179,0.2293641305686983,0.23887811078269447,0.018238835767166856
134,0.004493086176230539,0.2929537845113536,0.22411421477365653,0.19940817707835348,0.040442499026410984,0.2385882384339948
135,0.35673554555567355,0.2634616045752476,0.191058689865509,0.11369666533086724,0.0155430962835367,0.059504398389165755
136,0.02226994950096316,0.21122238932407603,0.2918644217402579,0.19788016651396076,0.18122117208315613,0.09554190083758594
137,0.10493950941764169,0.13613824748391518,0.2053823272937426,0.24251948537451815,0.16070795904972435,0.15031247138045803
138,0.18777657872148795,0.15148561440562852,0.016117937423730147,0.2628635389811278,0.122564578479346,0.25919175198867966
139,0.05690326723515927,0.24799821586225898,0.11031903108899788,0.10021861764105307,0.25055093754152796,0.23400993063100284
140,0.21383859887926615,0.4361840694772818,0.06942440515347538,0.03532621364377025,0.07278379288830211,0.17244291995790428
141,0.028050219316165283,0.2523528097414061,0.11837936576288866,0.2727951752588458,0.26632636091727574,0.062096069003418325
142,0.011802753231586412,0.1904105216588893,0.24129951806455077,0.24875297756446862,0.17443698375554892,0.13329724572495602
143,0.07543288857587258,0.2738161232063118,0.16432189147724194,0.1300286331040918,0.2545367615218353,0.10186370211464646
144,0.02537120279443204,0.2010600711125761,0.22256145271786756,0.11832178218765933,0.23033154640907727,0.2023539447783877
145,0.240862301286952,0.21903448622385688,0.06149206896975881,0.25964403097906974,0.04192796889730149,0.17703914364306117
146,0.12294332716817638,0.39260596239320544,0.042137119300668595,0.2009353388539378,0.12949632284846435,0.11188192943554745
147,0.134638692734227,0.21403487393882306,0.005301030631667843,0.10422112649885037,0.23466127535108547,0.3071430008453461
148,0.17045195445433284,0.1597814410933605,0.36414911857333443,0.11296868520332527,0.09240770757433026,0.10024109310131679
149,0.429530928690185,0.24758479925322727,0.20302634470866474,0.05274753599756578,0.0017912249883252633,0.06531916636203218
150,0.1425104070915856,0.3012919107907867,0.037042640990288915,0.23959522174882744,0.11413203208567929,0.16542778729283203
151,0.03632343960792298,0.16541497942050282,0.3513819143280614,0.28807673181127635,0.019801668542819555,0.1390012662894171
152,0.10359410636766143,0.34550901816224416,0.23395380636906007,0.07149894502992458,0.06351883261464564,0.1819252914564641
153,0.24605407702693,0.04192495234937335,0.4235633024881226,0.02497380802192567,0.09155868346663246,0.17192517664701595
154,0.0020523981023903085,0.33404998661409935,0.061122169748130735,0.1772630674492336,0.11284465996864938,0.3126677181174967
155,0.06134783585812744,0.24933536451457317,0.23330334172265838,0.11313293440468247,0.19172312475817663,0.15115739874178183
156,0.13382157524077315,0.0012423407703647006,0.20648455772158963,0.1766152757500609,0.26015526707542364,0.2216809834417879
157,0.19215671047183452,0.06523312462920675,0.27565404794229764,0.15724705502922226,0.2841590281964337,0.025550033731005048
158,0.11735347090088555,0.1458005095473772,0.07683220795109043,0.24366590196081347,0.13520952816944962,0.2811383814703837
159,0.3033733872726762,0.17416594055456788,0.22157712191663975,0.055071715082434115,0.00833233348145697,0.23747950169222515
160,0.20681187215884103,0.202050505977335,0.1123655253595805,0.055530461597735295,0.19788600035395484,0.2253556345525532
161,0.29992484513073886,0.2053791730515876,0.07752871191421418,0.045050650103988885,0.18493086839166706,0.18718575140780333
162,0.09505823882007976,0.35982984631774473,0.02044417473406849,0.28091479887808696,0.15673878887047463,0.08701415237954549
163,0.1881776471026199,0.19553721319324666,0.05104754458751655,0.15092582199472876,0.19589575653232158,0.21841601658956653
164,0.09167166393996724,0.22509037938698592,0.2838303700009706,0.034065002266626974,0.048595747716321996,0.31674683668912734
165,0.3417352659891498,0.11441822182285664,0.10755670531240615,0.06573490260931596,0.006138028282100933,0.3644168759841706
166,0.06254706443611972,0.02876800245434336,0.2755772789970267,0.17917677251911657,0.3345326638979263,0.11939821769546728
167,0.008210155823579353,0.20309452864030042,0.16419342091993866,0.17863205343442554,0.3119770356476255,0.13389280553413047
168,0.10517195540834165,0.28570160342788553,0.22211722806721376,0.09699639703626649,0.15599003372781534,0.1340227823324771
169,0.10729109454750244,0.1483360649626054,0.13710788500161047,0.013286790372094636,0.30290819115789636,0.2910699739582906
170,0.1074830589680756,0.07741988439753389,0.08372878230574292,0.24299694230832272,0.21741481687527767,0.27095651514504715
171,0.29137362493823477,0.1258384850864377,0.15998109883961112,0.05377144716547945,0.35830712298008877,0.01072822099014818
172,0.3352548875754648,0.1748820486865406,0.05134115818394942,0.0335645187772248,0.3599029623606744,0.04505442441614599
173,0.10775315909255816,0.2605139375931689,0.161518952573307,0.051343131508360354,0.2287943437431612,0.19007647548944442
174,0.04361983884985277,0.17413948587997527,0.2535440362232766,0.18002208914479464,0.2816611851526227,0.06701336474947808
175,0.017528038235094984,0.2457461130231451,0.2620732905382348,0.04167206191289532,0.20613243881478105,0.2268480574758488
176,0.23865536198234485,0.05830089892173952,0.10147130708704956,0.24950985332074432,0.13918356518036917,0.21287901350775262
177,0.2332094581711306,0.12352446701466624,0.18444274494117022,0.09040542532902306,0.3343030058351668,0.03411489870884304
178,0.22998560446585675,0.21268680069992277,0.1842328719241081,0.01851272078297302,0.2103227155196309,0.1442592866075084
179,0.02644955499902096,0.2838454686701079,0.04711253017682793,0.017107456755763098,0.2757912843852015,0.34969370501307856
180,0.043089305270360256,0.22369843336924383,0.23685978475368233,0.04475004451429348,0.2374878087109514,0.2141146233814687
181,0.05042757956814453,0.2856391666957226,0.02082106172291114,0.1417684994670643,0.25392910099941185,0.24741459154674575
182,0.1544382784776799,0.20316747188915604,0.06393459445491015,0.1931817098847864,0.17784950144530445,0.20742844384816317
183,0.2284665495405653,0.0670262415170636,0.310192426194161,0.0017265317484283372,0.0676044873968241,0.3249837636029576
184,0.00449566316299333,0.18391200807768923,0.2784676204107036,0.24290444077346152,0.1429815471150707,0.14723872046008163
185,0.14291224458235852,0.050111550345439744,0.22964691506831406,0.1551382044143984,0.16547827292015516,0.256712812669334
186,0.05281174202753243,0.23242264747935557,0.06446965526257742,0.2899587906591434,0.25011756976482735,0.11021959480656394
187,0.1681654757926265,0.03142435245315624,0.008538763053604598,0.23671439933298197,0.3825417382983589,0.1726152710692718
188,0.12401188936037714,0.12199113384521776,0.11633680821150168,0.28763738428384067,0.2118867359553236,0.13813604834373913
189,0.002600250184082439,0.11013111456107055,0.04614695383759862,0.3788089472620857,0.2038091023865644,0.25850363176859825
190,0.34693673859786894,0.05837363089318223,0.13784727494569657,0.10012794861014895,0.22488345390207556,0.13183095305102757
191,0.1516007184010907,0.28595765353885755,0.17127588353483592,0.10919928542507608,0.017662321868413367,0.2643041372317264
192,0.03372760605194742,0.17672592470473833,0.2333331707884391,0.17748773949702187,0.18615046657773732,0.19257509238011583
193,0.160464120016243,0.2572727372965323,0.3503739171750019,0.1409896938673623,0.057408523000576014,0.033491008644284635
194,0.08780300724535962,0.08219119444325172,0.4303899505624938,0.01590161106562473,0.22216240064807027,0.16155183603519993
195,0.06374335455350597,0.03018234578047715,0.2575165697092968,0.043516176576945995,0.2572279404106716,0.34781361296910246
196,0.12456047796961386,0.22062905454639897,0.23530851863186286,0.09346256756072759,0.11166337882486009,0.21437600246653662
197,0.15895662006170566,0.16161993538908273,0.1428811247238027,0.1554938339068626,0.19098844860852726,0.190060037310019
198,0.16331131519234318,0.13507190482761458,0.12552521468808928,0.1058103828519611,0.24262655535196984,0.22765462708802195
199,0.019821741857477267,0.2103863601438809,0.1590918108567006,0.16866835466399344,0.21635569780596783,0.22567603467197989
200,0.3390013009741207,0.13744141012216196,0.02563044436214944,0.15348764026816986,0.04363829440447319,0.30080090986892494
201,0.18012919849380288,0.2033953087189035,0.1287931408771316,0.03748593430553223,0.25266568818754703,0.19753072941708283
202,0.12226880541948645,0.1356567842702975,0.22435290505950048,0.07293514457906802,0.21751724320510873,0.22726911746653886
203,0.012830456667468456,0.09600953986114875,0.07434673350573881,0.37336225457235384,0.3840237749814726,0.059427240411817586
204,0.06642117660045058,0.4819380845873037,0.11064903102476674,0.04790566870545163,0.09148401386877986,0.20160202521324763
205,0.10713499371042762,0.03788721037908788,0.2755093942266926,0.1949090070515958,0.2548750802216281,0.129684314410568
206,0.14392854129053692,0.16993152832611377,0.14972989800749129,0.021137508286201374,0.4138530227861565,0.1014195013035001
207,0.27824904187591504,0.1432600807933144,0.025735460283669714,0.13697974567083182,0.2276151770512329,0.18816049432503626
208,0.27951776012345486,0.16837976584530487,0.09295196529080137,0.04412173524551231,0.2724952143383907,0.14253355915653584
209,0.09031816323907045,0.19168428424517958,0.33258259641269217,0.19836896452555353,0.040116427085060254,0.14692956449244424
210,0.10421651762336012,0.04828489129778057,0.1782893121433171,0.22400661592939622,0.17568687319004822,0.26951578981609786
211,0.16405271967575982,0.2050970333272524,0.19546338740454663,0.1590662769788934,0.20665324210918762,0.06966734050436015
212,0.21573887938329817,0.17867291255486525,0.2728650332810191,0.1221473213550981,0.16975656676321443,0.04081928666250492
213,0.14657396552493596,0.272836738837206,0.5121895768023231,0.0038728571123363667,0.008058975777157846,0.056467885946040734
214,0.060884145350866226,0.08246596034336462,0.26930182453268614,0.23202288856025685,0.23971722206010818,0.11560795915271793
215,0.04710871425209612,0.1132263803000323,0.29458722847323937,0.13509812617605169,0.28640772097050987,0.12357182982807072
216,0.11840766741525661,0.19612173848760336,0.26098434877597126,0.17836789246933302,0.19704521058932387,0.049073142262511874
217,0.23147142944866805,0.22734398318325844,0.004080874205065604,0.22379043155110626,0.2531027370658196,0.06021054454608221
218,0.007781335794202713,0.3306171706892798,0.06738545292700097,0.28994720586954803,0.1462692801679,0.1579995545520684
219,0.1986403596117299,0.16998289233642028,0.07579146825703376,0.15839545229493107,0.2234299275926662,0.17375989990721882
220,0.30787035037505717,0.1742782296237793,0.12974249869676666,0.1024097841507644,0.23328044858986857,0.05241868856376378
221,0.132902127111266,0.20767915088064748,0.005765982299010941,0.2972747897327279,0.08484752860211033,0.2715304213742373
222,0.03855509369849688,0.12102726027577178,0.12282646222658093,0.2455662206533436,0.18928740443373282,0.2827375587120739
223,0.08683816766328561,0.2792473738664092,0.12886373173408086,0.28170203457905485,0.12674752559859462,0.09660116655857477
224,0.1463630078025274,0.2959393212256817,0.12412237417378437,0.06544813004612306,0.25117122953726784,0.11695593721461565
225,0.05123437098760682,0.24637025278905486,0.2800673613659059,0.14231399091169156,0.09912452637474364,0.18088949757099734
226,0.17315377599019363,0.15080428298672716,0.16033760644030276,0.012119829759954695,0.21610070597342795,0.2874837988493938
227,0.094163027655873,0.10039802762918446,0.1258924728062877,0.19522053740983164,0.28739230381861336,0.1969336306802097
228,0.04410797926773585,0.2623973097288867,0.23181539531908982,0.08308505167277691,0.18600583240521582,0.19258843160629488
229,0.04865154706932704,0.3431082988513598,0.009754254658953453,0.01203446762505527,0.30207213315939513,0.2843792986359094
230,0.05453655502487197,0.1991843571255082,0.15895238354372168,0.2437930058787823,0.2488932838843955,0.09464041454272035
231,0.15889419152854184,0.3274366646207625,0.1993507451137348,0.06717489212053333,0.15671468980174585,0.09042881681468161
232,0.24660381420727231,0.09871983562238282,0.19639379527573256,0.01756507570074474,0.054117748709821216,0.38659973048404633
233,0.18238525870428696,0.13988071723637968,0.291440507580655,0.1386352098038355,0.2049184672489436,0.04273983942589926
234,0.1545458033546195,0.12720125608446198,0.07423349547516422,0.22340686298569523,0.2563238685142688,0.1642887135857902
235,0.07966312645624515,0.09419431981650188,0.16244864223146063,0.16878788727142988,0.21794574857957677,0.2769602756447856
236,0.14195083374008824,0.18261106859404114,0.22865331900409974,0.003943773131235357,0.2225876207860679,0.22025338474446746
237,0.1753281960707123,0.029711526790354284,0.25329109726596194,0.09488128781440304,0.36055216218274744,0.08623572987582086
238,0.2826343115369759,0.07857636974032488,0.11443055559177458,0.16165617450966946,0.23848316676917314,0.12421942185208197
239,0.24459459036883524,0.27843651876055714,0.26173747537318925,0.055437327207300165,0.03899758593580041,0.12079650235431785
240,0.3165441745761791,0.09233676368196642,0.19118465141464053,0.09477358108062213,0.13975198167920513,0.1654088475673867
241,0.11572374755574488,0.24986039016339182,0.13625845918955515,0.06001857204272057,0.13805530725207227,0.30008352379651526
242,0.036253350425941404,0.0910707322896596,0.17148459128829768,0.08522485021890265,0.29657894617078084,0.31938752960641775
243,0.058915656333610594,0.30280139194394423,0.0026616522679397073,0.25376680216191444,0.2993637387713894,0.08249075852120147
244,0.014466689416101202,0.22614166133035357,0.045411614282044266,0.28545230361824864,0.2867031238132466,0.1418246075400057
245,0.1707663102630807,0.2628965175563748,0.0511185948343798,0.2039634102324712,0.19560078896643984,0.11565437814725374
246,0.01018851517706333,0.017189870792415237,0.30248583677127366,0.20376684201205048,0.2040242936798004,0.26234464156739695
247,0.10697443417075685,0.04509662128788616,0.12188516739218297,0.25079730657025295,0.20890982331546284,0.26633664726345835
248,0.006436002287984465,0.2047795096288567,0.06535016755093795,0.27358166358110575,0.1930385511600436,0.25681410579107145
249,0.15390566242545164,0.0991182921786086,0.2719647068078212,0.013765726783791956,0.27862843409416294,0.18261717771016384
250,0.18466171788353303,0.14162991886137624,0.18433058765434315,0.16992006927775555,0.25019833125642077,0.06925937506657125
251,0.03310605442149849,0.09145342063185075,0.20815351491073122,0.17989430469752368,0.2155497489094698,0.271842956428926
252,0.19170820271144767,0.011626021620235131,0.1905964928498767,0.2950152723971803,0.17164453948491715,0.13940947093634298
253,0.10349484667436466,0.15504205062847848,0.1421325587141897,0.22190935993407027,0.2408683469599822,0.13655283708891489
254,0.04507358234871523,0.245629658556902,0.23912234011397349,0.11242304462347426,0.22172903184985737,0.13602234250707762
255,0.26646993384900014,0.07692301752506045,0.16910466370915042,0.12976718495775352,0.03249340820200907,0.3252417917570265
256,0.2729748456144303,0.21837131326554324,0.053424281681844,0.13098397006213428,0.1601365897226912,0.16410899965335687
257,0.23683673994633744,0.2084224785526474,0.11968919652464184,0.14596893812472825,0.03249565454157439,0.2565869923100706
258,0.22747539625818491,0.2667239052091464,0.1305905444325324,0.007003562014270037,0.3170501334554474,0.051156458630418906
259,0.07019883436890233,0.27502782821692145,0.2652675699461713,0.20067374547129785,0.1872779861724684,0.0015540358242386349
260,0.015987877776628627,0.02814046372002293,0.36509260869794985,0.02103171965646536,0.35894789827051876,0.21079943187841454
261,0.15669965055708618,0.30741312325637377,0.07538678724812742,0.07715843396484093,0.2161570413658337,0.1671849636077379
262,0.12144267087470702,0.12568040625503402,0.08159912255761528,0.1273985392329933,0.28220464403946754,0.2616746170401829
263,0.032168167216870075,0.1736723181914308,0.1434309372109719,0.2540085996719117,0.2753531864992087,0.12136679120960679
264,0.16119966590155507,0.2679558480418566,0.26092366707775894,0.05835460935573079,0.04843760670879902,0.20312860291429952
265,0.3392441835387264,0.0715146003587339,0.15221673687828033,0.022497126110591098,0.02643840561800412,0.38808894749566414
266,0.11623608211689664,0.37965454134033133,0.2143818641407403,0.03978851784897949,0.17346057659520553,0.07647841795784661
267,0.14124332084337088,0.25114891488573426,0.213868700949952,0.07425405693764907,0.27077714831436167,0.04870785806893207
268,0.07187763424490486,0.062277032501404,0.07918353357632144,0.1354665308812657,0.3253787400242836,0.3258165287718205
269,0.007437551198851312,0.2517075140887454,0.05174693475500146,0.2945490993283493,0.11664977067361092,0.27790912995544165
270,0.19280620438813179,0.10120221684046968,0.02669331384489508,0.3711626706022146,0.2249478853206376,0.08318770900365145
271,0.1438539975472124,0.045760882986412434,0.003285005254960776,0.1150821678676583,0.38693380639483443,0.30508413994892153
272,0.019652838991067324,0.31720299092701776,0.0930068543267739,0.13550073755129557,0.27766158363868887,0.15697499456515673
273,0.02244406657360665,0.17232049598875368,0.2831198204597266,0.20449499721040446,0.15006565077233988,0.16755496899516878
274,0.05692990257413521,0.16683414000259755,0.14819304216016518,0.041725492067024805,0.2958359929638131,0.2904814302322643
275,0.1521260245493,0.28839367666310367,0.12650046339626178,0.2684053585582018,0.12171315496948044,0.04286132186365215
276,0.009197412080671747,0.3651035273558763,0.10305126111709798,0.19931012310187426,0.1927548966029272,0.13058277974155263
277,0.07699283799124008,0.07700070715053531,0.2082575253345884,0.22843442668050384,0.24724948099909447,0.1620650218440378
278,0.25212776117492736,0.10523553543959717,0.020334153852708144,0.04802979092893181,0.22348645152936936,0.3507863070744662
279,0.1567276603098039,0.16253645174039305,0.21348827592946726,0.19423024668006242,0.20846410253696404,0.06455326280330938
280,0.02817415563465422,0.019230645840991312,0.2590619533260413,0.23416896815019927,0.22694174548356913,0.2324225315645447
281,0.035397330574212925,0.1449021306623276,0.1995334998393181,0.24330317623220826,0.17327578689874001,0.20358807579319319
282,0.0708205139137198,0.16226724129199094,0.3343811363713733,0.03140497562101017,0.3449153819291205,0.05621075087278523
283,0.2320309111708929,0.10391204056986204,0.06143332229912239,0.27939858823563307,0.20440135863001083,0.11882377909447885
284,0.06464280107888748,0.23282052141664697,0.10836879587208406,0.019245711895134007,0.3450905011248366,0.2298316686124109
285,0.3664540028278083,0.19376499945826026,0.06106174577204685,0.0005465804392880536,0.16713327177506698,0.21103939972752944
286,0.32658602032886774,0.024726969641092434,0.17550536735922326,0.15343601450523,0.21802251730907718,0.10172311085650941
287,0.12464578294050833,0.3278267570673926,0.15505829884825034,0.015679926097842502,0.20400499186790455,0.17278424317810182
288,0.027093518734930405,0.3543801669084884,0.24712736471579047,0.28947581689190843,0.02856993790412098,0.05335319484476119
289,0.09001068796238015,0.32546449579289966,0.02243034255344138,0.19950522354863895,0.2566274077114792,0.10596184243116077
290,0.21070561055316622,0.10010532368383585,0.24116336716407694,0.01112238702327693,0.2155964930064225,0.22130681856922166
291,0.2500284045985022,0.03815570056682965,0.09632117191750059,0.07428514253583977,0.4261136823639398,0.11509589801738791
292,0.23098515411798293,0.021642346757313802,0.12619548862005803,0.23113989523132975,0.18018996242835816,0.2098471528449573
293,0.16097958837849127,0.1668595055708925,0.21809863867733806,0.1341897222772452,0.1363125762179907,0.1835599688780422
294,0.3314492144411772,0.2591744840247318,0.11531813886799412,0.08088844479820181,0.08143627866054098,0.13173343920735398
295,0.07735863441286932,0.2758106587241174,0.24296412575000656,0.17062289893262328,0.1852166431550348,0.048027039025348696
296,0.21866028916539373,0.07166405577204887,0.29222130556794473,0.25001215604620664,0.01060802075035195,0.15683417269805403
297,0.24539837200280898,0.04028965319540667,0.10585720234026687,0.14122202718108529,0.24561633936929306,0.2216164059111392
298,0.17053232542107272,0.08025876423965325,0.1454086769543956,0.12952838871690792,0.20051847270589543,0.27375337196207505
299,0.06567602387424686,0.014005682745644187,0.2257886341432436,0.03799745692639499,0.5343779895460855,0.12215421276438465
300,0.0809884626693497,0.23716838530350495,0.09427568913249441,0.01215204020604741,0.36199699088724574,0.21341843180135778
301,0.174398760541015,0.289869259016544,0.07960066256751867,0.13492901997522855,0.14739598735110618,0.1738063105485877
302,0.025656074723636745,0.20665627913564485,0.047578409311836406,0.05013587574578027,0.28509591380417515,0.3848774472789267
303,0.16636797240934081,0.22533774058464534,0.1869838975463912,0.2081440869558501,0.11339087060413897,0.09977543189963356
304,0.2470575170024127,0.2468281355462969,0.11013540892873368,0.08963363079906307,0.14682649438487905,0.15951881333861462
305,0.04765293580050206,0.2829017781751739,0.2288672836563391,0.04012291509120615,0.21092428772685207,0.18953079954992674
306,0.14310930476594969,0.1431502489505704,0.16690589398924924,0.29113894693604536,0.19362845206687285,0.06206715329131238
307,0.20177025830354856,0.21934863883863848,0.14566552985776438,0.22876698486596192,0.017884426052988785,0.18656416208109805
308,0.06739739500096693,0.17379593364186227,0.03995392624607247,0.10708396818926669,0.18716687365035772,0.42460190327147385
309,0.1970251974790153,0.20748942569271253,0.12027742185658774,0.12273069300300546,0.23326113117468802,0.11921613079399096
310,0.2281722068251981,0.15801373710836658,0.16062856732976338,0.1888536761939269,0.17220391978792862,0.09212789275481646
311,0.17411166318874016,0.16923535763866931,0.12004338403704541,0.05001739617091652,0.2036817948307804,0.2829104041338483
312,0.2828792726205943,0.24788064839165125,0.04660707327745008,0.07755558458335997,0.26571422003380335,0.07936320109314103
313,0.1373400177163288,0.2178303779586491,0.22593954983829062,0.04204400018779221,0.0781294405010978,0.29871661379784137
314,0.33137486174130704,0.17346925286396025,0.03530367515060718,0.0831770992698449,0.0069838757527127615,0.36969123522156794
315,0.10666651875599427,0.3629814102396348,0.26418935804972027,0.016390412203232018,0.11654221824915201,0.1332300825022667
316,0.17946889240094535,0.20174303788296272,0.2036942708121373,0.07748117412314316,0.19596239377959673,0.14165023100121474
317,0.01324346018985336,0.48684822890951884,0.1966667991757003,0.07011039582306652,0.08637226428505518,0.1467588516168058
318,0.24595071619623113,0.11577001921103011,0.14849176413996515,0.1768001440765306,0.23447078136233243,0.07851657501391056
319,0.08504732276098914,0.18788625406941187,0.07848899655890694,0.21513187409369985,0.21512019332617047,0.21832535919082177
320,0.04914491923499633,0.16169823817200066,0.18643869480588834,0.13662747565270103,0.1952603007824414,0.27083037135197235
321,0.17864105507672895,0.023605856821595488,0.22981911066011768,0.08594058650949074,0.22065627609138733,0.2613371148406798
322,0.175092238412966,0.21282048759269886,0.05361392639728015,0.12730192277026461,0.2570276034516961,0.1741438213750941
323,0.010522220296736553,0.0872924905124249,0.20345295128845076,0.3576705561964572,0.2994762608608862,0.041585520845044396
324,0.08904173886190045,0.1508009448506335,0.020001654857622845,0.37769708115334055,0.16717642111364747,0.1952821591628552
325,0.06222429822039827,0.03336521710626876,0.19333138319897802,0.32739162581491776,0.38196381887621256,0.001723656783224604
