,0,1,2,3,4,5
0,0.27239770548714043,0.04354718680892168,0.05084368152355078,0.18019065350024682,0.15181976135604558,0.30120101132409477
1,0.19064521811812815,0.06873317671314254,0.22057272636289754,0.04999270138280727,0.1558491539301665,0.314207023492858
2,0.1641025260159982,0.42406175386503997,0.12354552668353908,0.03950975061466146,0.2056377806303184,0.04314266219044279
3,0.26408367392622806,0.08320827176965886,0.22292600098964696,0.11736787533529051,0.17525819417093166,0.1371559838082439
4,0.25968120415692003,0.230506012246364,0.13756750733379003,0.18365436691237105,0.04643404952516676,0.14215685982538814
5,0.14245502607170227,0.09733628031348725,0.3283065667472026,0.002147505550072113,0.2483530926679126,0.1814015286496231
6,0.1695861439438318,0.17163961201263014,0.21681759384240631,0.022412773280843644,0.21924203932415182,0.2003018375961362
7,0.03849080965776436,0.0934149440699137,0.26718850913486636,0.19013081187237427,0.14052643452636396,0.27024849073871743
8,0.07773477908069673,0.10670543203330003,0.21348353274327206,0.1616706704958801,0.20972386020476927,0.23068172544208185
9,0.15026327407252996,0.023749238947945985,0.2602214144579638,0.1506196670810953,0.07218354343660288,0.34296286200386195
10,0.04314107751221707,0.24831303728998855,0.26656171932066264,0.0664514939993344,0.22235040443423382,0.1531822674435636
11,0.09616246979023692,0.17516013870341665,0.2160398035727277,0.2003951359375084,0.10084200790641484,0.21140044408969538
12,0.026788831351804907,0.17851249035200617,0.3502668768924855,0.0983408831684939,0.12919509880864333,0.2168958194265661
13,0.04569346335484197,0.27840309524093104,0.13910183153973407,0.2518381416257376,0.058134210656754934,0.22682925758200032
14,0.09952634976256927,0.12853261246489495,0.17648144244328,0.2644097118749479,0.04170629845337759,0.2893435850009302
15,0.02237916081551965,0.027349194855623895,0.17139658376778694,0.21435029015902862,0.18753047366866538,0.3769942967333754
16,0.05746537240513816,0.37554549989425207,0.16722772923520593,0.073295810680578,0.2756606470080347,0.050804940776791284
17,0.1395842412599536,0.2381085785116577,0.16285757877619494,0.2598601310505082,0.002373799957776036,0.19721567044390956
18,0.05885579644186419,0.2252244003452621,0.2206565539663478,0.203568594527671,0.1358629084863682,0.1558317462324868
19,0.13123432029369766,0.06246292592397305,0.3781409013744584,0.3588286577090376,0.0039056670662343715,0.06542752763259888
20,0.30569590467754965,0.001789519421318158,0.3066962960887707,0.01954014004508591,0.3660877036192373,0.00019043614803830017
21,0.0025031411524999553,0.1927042508952512,0.3228507416899438,0.059867942279948246,0.25697702820832,0.16509689577403683
22,0.16552246789315594,0.03446796455103722,0.18288192544263146,0.16007649351237294,0.2122962236938994,0.24475492490690307
23,0.14421881933355649,0.22771078405467055,0.0961358872829157,0.1414130650936524,0.10502522087525051,0.2854962233599542
24,0.1347664942190622,0.020457145067089125,0.45059404871951264,0.14005370317641902,0.07617487303015004,0.17795373578776685
25,0.27302350196360126,0.2028863454226396,0.20654975907653658,0.116721130044829,0.022291266102945684,0.17852799738944802
26,0.03937568598921055,0.0854765966157684,0.12570940670314817,0.24592707562297675,0.231603095013578,0.2719081400553181
27,0.10632514694554342,0.2634077169646035,0.010622471946736982,0.13366824806991418,0.15407434181833943,0.3319020742548624
28,0.28244458709934284,0.14177500737651405,0.03892016669459336,0.08096917120692751,0.2842270794612062,0.1716639881614161
29,0.06352384378501766,0.19285877999686393,0.2303748423842351,0.1710254686580249,0.21971499901811437,0.12250206615774395
30,0.121609986171657,0.06865666216150171,0.18768589385218395,0.3265955663249694,0.2311820748740885,0.0642698166155994
31,0.024837747615998593,0.30000385845610483,0.29657140334284765,0.1987124577699678,0.09986965426573428,0.08000487854934693
32,0.07598191176713642,0.16705033960723034,0.4411087662958569,0.026533121252560597,0.1913829674293392,0.09794289364787664
33,0.06543465395909846,0.4321090149594855,0.18648278688180167,0.02482056203695525,0.006642544522816315,0.2845104376398428
34,0.08230600260164192,0.028044463011717393,0.2522703077692781,0.2870494301273497,0.034941658679103794,0.31538813781090913
35,0.12204367072039175,0.04309122718017482,0.39587721705443113,0.15743140433862324,0.14796850280699753,0.1335879778993815
36,0.05376386585472576,0.014024077703302483,0.311880106569,0.32269627695952774,0.016625453746891138,0.2810102191665528
37,0.010218652608519988,0.19489697386186644,0.2651289689622679,0.21806348127617597,0.23995569702684114,0.07173622626432857
38,0.12248800547427018,0.22070702417795832,0.2748804003480871,0.07154207602437616,0.13308196883757265,0.17730052513773556
39,0.02233699756288315,0.01656484000737012,0.2258097373130782,0.23048858984473555,0.22792649497084227,0.2768733403010908
40,0.02517080802410444,0.3109038597184275,0.20014805714722872,0.14723853863923,0.11236353143325924,0.20417520503775022
41,0.1623241646356263,0.2765511781148904,0.07433307448257592,0.17801242774791845,0.10765436393382652,0.2011247910851624
42,0.03471849353880222,0.02929613739079272,0.042713110790385776,0.38335631593554986,0.1701509871119081,0.3397649552325614
43,0.2550653247209972,0.1023016874607369,0.18758662428218925,0.14419174494160883,0.283701673734142,0.02715294486032583
44,0.17443013066729518,0.3052053240036745,0.04874093870934465,0.129097279748876,0.1490572975323576,0.19346902933845214
45,0.09388619124480846,0.24872532032351555,0.11244635004899073,0.1434674331690107,0.03511212716905691,0.3663625780446176
46,0.14237279154131285,0.39349870852752433,0.1754979739609608,0.17415609014130595,0.07847194989199421,0.036002485936902
47,0.018965828917856097,0.0777614786166691,0.14782703650761952,0.4263080865602676,0.017330723881080104,0.31180684551650767
48,0.1530007903417723,0.225791654220336,0.0355048710114614,0.1458078636247781,0.19591502975654845,0.24397979104510367
49,0.10506429670642396,0.03947208677100131,0.38562324730736663,0.4070480391731539,0.05180237948459711,0.010989950557456952
50,0.1367931831093366,0.056642884990001204,0.27996387084170987,0.2775481405909477,0.05520892930189335,0.19384299116611114
51,0.23482674333229367,0.014611786007012295,0.1800761460472962,0.19488790218884736,0.21338151327774013,0.16221590914681025
52,0.1021272807921487,0.2026496684622579,0.387816092277238,0.15324992431457535,0.005283667376493615,0.14887336677728658
53,0.1412373206221738,0.2043904380995087,0.24074931176045342,0.14017437081726003,0.2551751508902971,0.018273407810307007
54,0.2667212748233912,0.08345794161389686,0.20357514195634366,0.18619475250076392,0.017399293289695677,0.2426515958159087
55,0.17865203675111874,0.23023716775939343,0.10560220338857797,0.05954221030678035,0.1967587069634438,0.22920767483068577
56,0.020917155682869473,0.14174193946205393,0.20481117364704024,0.36319213634957126,0.04645216454730672,0.22288543031115848
57,0.0825769668959637,0.13362680647323924,0.22152047738912983,0.21457636333351282,0.17411946222263588,0.17357992368551853
58,0.043563759246984336,0.3065188908079316,0.11404137603217156,0.11056701971018577,0.009855201930518427,0.41545375227220827
59,0.15729602183525443,0.06104208562316344,0.23298269465804092,0.09676945560375483,0.21641320887949322,0.23549653340029322
60,0.1420300065609135,0.01368783195729192,0.3597782905261838,0.2390774037070049,0.09826414348391355,0.14716232376469243
61,0.16375736587536285,0.2663907477177134,0.2294305217589234,0.0555294535056695,0.19860804563195605,0.08628386551037477
62,0.03366144151908726,0.24857882300236578,0.10967495335392363,0.22553564647116373,0.0837676354420817,0.29878150021137806
63,0.26257746929501036,0.23967718297552298,0.10130311487427748,0.18662643483788835,0.15760851516022878,0.052207282857072115
64,0.07963477699746188,0.2705475042639673,0.30590966923160695,0.1341208268917574,0.19849003599010334,0.011297186625103053
65,0.2394200580770038,0.22273667049303852,0.22727008009320163,0.1913643280272914,0.11103443751762,0.008174425791844664
66,0.19875287273333925,0.24264331125518532,0.12891286270510693,0.13771885875135623,0.1779289552116122,0.11404313934340014
67,0.10408867994330377,0.20962006614012735,0.2489851449850519,0.26799723301559225,0.08180121762026124,0.08750765829566358
68,0.11424970967969898,0.1690888006126239,0.2607754026193253,0.06189348457308089,0.1607373517002916,0.2332552508149792
69,0.21136431668401282,0.2092267573946365,0.2806777932037719,0.041196169613703496,0.03574780652921975,0.2217871565746555
70,0.17087714868176393,0.1649326371023408,0.25290261621528287,0.1158040497842501,0.12184466381974708,0.1736388843966153
71,0.10192974439567118,0.025648273587942392,0.4017686411667919,0.3161719404848882,0.029461722729912838,0.12501967763479363
72,0.23026377588214747,0.06192607277456441,0.21748163877947632,0.10137135901445093,0.21124978536120037,0.17770736818816052
73,0.08675670843161572,0.011188366137037865,0.2518961213084763,0.09374557952675588,0.27934985908048593,0.2770633655156283
74,0.2451550691665718,0.17140858247664523,0.25700239519569984,0.11894418831396855,0.08502136168608548,0.12246840316102905
75,0.028975575302490873,0.05960768386821156,0.27764230383698124,0.11013833737954515,0.1648375970755925,0.35879850253717865
76,0.15743108478772141,0.0865213130101724,0.19743020477803708,0.264400235210206,0.13144463239068205,0.16277252982318105
77,0.1403701363751418,0.10054233994783553,0.2102221047551027,0.22616614479225502,0.30940785038908813,0.01329142374057682
78,0.0953187396984079,0.09170780328604486,0.2064807384133652,0.1945776182967269,0.2884844174849351,0.12343068282052003
79,0.11759861440340005,0.19232954857120144,0.16782180701388547,0.046699869109597315,0.24266814003694132,0.23288202086497442
80,0.011036815202519486,0.2118327761152876,0.30093340789560197,0.053509518672013444,0.18192850552306025,0.24075897659151738
81,0.030870843876863972,0.4392499755858769,0.016261291756396366,0.292731217860587,0.030765903019810602,0.190120767900465
82,0.23355157870111645,0.12596779821511486,0.06669851902375401,0.2069860650153057,0.2329999390820411,0.133796099962668
83,0.10591896253995152,0.2476549437579474,0.04328255591468803,0.2809042806372685,0.00870069352683108,0.31353856362331345
84,0.23344481197942998,0.23585701302291326,0.010517407566208569,0.22162581658236463,0.054579422526252766,0.24397552832283068
85,0.08179815460220281,0.2219070523045151,0.16148197429565123,0.10609783241041437,0.1829326408072288,0.24578234557998757
86,0.1258723722283207,0.15401757505624458,0.12459110982897002,0.24623139518708184,0.25025177631079226,0.09903577138859045
87,0.05237953070168062,0.17475808694148656,0.24545391349153134,0.08177019599824445,0.05882649806238277,0.38681177480467427
88,0.09074490298507598,0.12665502667013076,0.30323704879592345,0.27523705408347815,0.01153956914089735,0.19258639832449428
89,0.14841904772521367,0.3145937727689497,0.09345681291554486,0.12438060734826886,0.0879052069355593,0.2312445523064636
90,0.17415443147366155,0.0016684658007080906,0.31691221998535457,0.0816345495136278,0.2626006584877079,0.16302967473894006
91,0.09558074217629145,0.33696927853502373,0.3516930650187069,0.10186845139570383,0.02962505789005967,0.0842634049842146
92,0.14994072604390007,0.18518796462969475,0.3023525337144273,0.036122428903875334,0.1494324562968853,0.17696389041121724
93,0.14837506560927133,0.22527113371113983,0.1982243988514912,0.0025975527913252154,0.23628372618485133,0.1892481228519211
94,0.2573341728604711,0.1785523364189343,0.17701984293903653,0.21508876961926246,0.11971431642717949,0.052290561735116085
95,0.15937295566628637,0.2531846273100012,0.31973868975515546,0.09966520250464578,0.034451000730029296,0.13358752403388197
96,0.25935101730156024,0.24349489275882996,0.15480062422165303,0.0026249926753897164,0.0557438549305748,0.28398461811199216
97,0.03174365208401384,0.13651623457908788,0.15876852504913008,0.3239261296842974,0.04694996088783132,0.3020954977156395
98,0.026945419345732635,0.3177972310866166,0.011272066122062187,0.1883210708256359,0.2185443231014578,0.2371198895184949
99,0.1683574668910002,0.128450526332123,0.2491483512242356,0.22888391971959687,0.0008194279043665108,0.22434030792867782
100,0.1510600557337458,0.03614315613728167,0.20914259524934123,0.18611302078425526,0.0546977166092995,0.3628434554860765
101,0.18032039566580993,0.13015691983006492,0.1294309947792108,0.2649371196110059,0.18102803313986643,0.11412653697404199
102,0.13176872490760932,0.007123928109684574,0.3252285002433635,0.26811727302198657,0.07111661741393105,0.19664495630342504
103,0.2737147165072206,0.07875833198928069,0.26218677365812304,0.06044413665231302,0.08380173897606448,0.2410943022169983
104,0.28784422257378717,0.17136949501354362,0.046877611851742766,0.2744615997602791,0.0858779310754774,0.13356913972516984
105,0.04426875779789249,0.11386547059582179,0.23086522077127064,0.1753899038675379,0.2762425906713688,0.15936805629610848
106,0.1600865682088552,0.1974707161741897,0.32943441097058296,0.17542988583767813,0.005405761240537667,0.13217265756815633
107,0.22165065310233092,0.24035077678680594,0.09491830624456536,0.18556924238919928,0.23391320734040652,0.023597814136692125
108,0.19008184348758236,0.2669578650073427,0.2595802669347968,0.1135930615135953,0.146013343354571,0.023773619702111885
109,0.22674207062414334,0.1326750295168579,0.07454199493357168,0.2711254276264116,0.0016145456132053055,0.2933009316858102
110,0.07115194355459571,0.16831836682485696,0.3044172790116835,0.050702401159336954,0.15584899219304324,0.24956101725648375
111,0.0725529621218092,0.31070446710686384,0.04067582649747106,0.15134305615643578,0.21688340241216944,0.20784028570525065
112,0.022389341960529257,0.19574709970546142,0.2673931143839069,0.029808381189245097,0.35203937435905225,0.13262268840180513
113,0.09137089221353259,0.10145222869094714,0.19077780241887013,0.1799723047613424,0.2650182948961043,0.17140847701920345
114,0.06056344356626291,0.02624632358867039,0.39616460357546224,0.01337591307494139,0.08949337547220984,0.41415634072245333
115,0.08366518611817525,0.15950774306384366,0.008505139725182131,0.25002001308414795,0.23969682060554753,0.2586050974031035
116,0.2978693031320424,0.005234129763072847,0.14113067804134832,0.3095740298808504,0.0336334635744033,0.2125583956082826
117,0.09208825204215133,0.23730275828269243,0.2632038436797429,0.13927242794635344,0.020842376555690354,0.24729034149336968
118,0.12965195084846498,0.26415141278584625,0.3195090315463122,0.08352537302002357,0.13537445214632332,0.0677877796530296
119,0.04993010288932813,0.009321746593022966,0.32840394776286513,0.06184838706271671,0.27201042039048384,0.2784853953015832
120,0.3068121839016314,0.18167070746338063,0.15721460762111256,0.16610573376829466,0.04034339109727707,0.1478533761483037
121,0.041212885043255834,0.1907925712364869,0.1635696898676312,0.23410633254799768,0.22789428241691312,0.14242423888771516
122,0.15124263809538446,0.31237650817641194,0.025443126302300174,0.1805875951187355,0.19164791730644512,0.13870221500072283
123,0.2795104658166811,0.09314734766026614,0.23406999844427176,0.07118656352359061,0.15819950740806735,0.16388611714712298
124,0.04595565632525,0.07120032109981995,0.39212090012240164,0.11233800277818623,0.20770427665601782,0.17068084301832429
125,0.15318717093064446,0.20156585932176807,0.2266552156759808,0.2412542630744647,0.14663220746843822,0.030705283528703626
126,0.14162051545842713,0.25268361723222904,0.21545453132434325,0.129176642237351,0.1071545021606208,0.15391019158702882
127,0.12499726031698799,0.2653616892003283,0.18418303538103056,0.026928796857779717,0.1518972387871831,0.24663197945669021
128,0.06069020434494832,0.23523699921595675,0.2481144231364738,0.023826587533228617,0.10090681512040399,0.3312249706489885
129,0.1149983678531257,0.18434652167898277,0.202465748143708,0.050800438321815904,0.20513060791126064,0.24225831609110693
130,0.1890166805182506,0.12802251428879302,0.1901833197937718,0.012174284890032269,0.2399112817425329,0.24069191876661933
131,0.2514801289334446,0.17836468969982014,0.19799104155213948,0.053053742384883494,0.10432998734643266,0.2147804100832797
132,0.2582465957635036,0.16224966962441215,0.20728874796873678,0.10113331128074023,0.015369181431978992,0.2557124939306283
133,0.2589734205082671,0.00501964337691315,0.26930174433021864,0.02602370701145462,0.014851472342172095,0.4258300124309745
134,0.07041925199279125,0.19675601331610154,0.12918780701447297,0.34610526271703934,0.12816271930141226,0.12936894565818272
135,0.06898212182255874,0.3732403479972098,0.1845410161490839,0.14697364961281298,0.07535248000780845,0.1509103844105262
136,0.1422796496480141,0.10252637863689587,0.2130054840168521,0.0510714837201097,0.21718983190687866,0.2739271720712496
137,0.25057168074345426,0.2205059656358734,0.06157253813559418,0.14152446180548406,0.11349402965627714,0.212331324023317
138,0.19695176515254534,0.11821822395960903,0.15732360938088225,0.18425791111810128,0.13579215613170528,0.2074563342571568
139,0.08364235291298953,0.053434917469601724,0.3764398911567174,0.17731543881798564,0.02094718907910936,0.28822021056359654
140,0.10304148426366726,0.23235205644682622,0.22262731847293055,0.11821308214012366,0.09389432719837068,0.22987173147808174
141,0.0036731172962677513,0.25587416805006036,0.07296423729989089,0.36376423630417826,0.08221841643963396,0.2215058246099687
142,0.1474684088297928,0.02159641234367075,0.22122554642538772,0.21569614313506247,0.23003200627485607,0.16398148299123008
143,0.11144812306489095,0.06383841515092355,0.20105943886183436,0.04365280198576529,0.022512161891038312,0.5574890590455476
144,0.03525154623112271,0.3199281844279989,0.05342493617424474,0.08224928555731792,0.18546031129518972,0.32368573631412606
145,0.03408052181415805,0.1578215202653472,0.1179095132805535,0.11822838059757883,0.3620655360454355,0.20989452799692696
146,0.021564673628244168,0.035262113496758125,0.30600769229167213,0.04740629791077926,0.3629640169134836,0.22679520575906276
147,0.08404220815281603,0.2194630055794857,0.2051056130448414,0.21285165467204104,0.04876152717509445,0.22977599137572147
148,0.11078930869440515,0.18539242057514005,0.231663418896421,0.17223960544107572,0.22136968650004157,0.07854555989291642
149,0.04274813198411669,0.06945083825214958,0.09408174580450789,0.2486167271819087,0.25734321527973014,0.2877593414975869
150,0.08384738967540796,0.3090790023762956,0.10981255653915631,0.15548930809643746,0.03183322483463238,0.3099385184780704
151,0.0651508671341554,0.03882738789744805,0.27988336146578513,0.13622697833341157,0.26907248219794216,0.21083892297125764
152,0.14735575705534645,0.0704687826578948,0.36238504072686417,0.3435797961788083,0.012827086336058564,0.06338353704502747
153,0.0220201790352889,0.0456043120474602,0.3722917487323514,0.34601889492447835,0.019433574694518153,0.19463129056590306
154,0.01592223855537475,0.23901881876166592,0.14924510723134307,0.10858228188679792,0.3446390205803338,0.14259253298448452
155,0.09583954437064351,0.22732352039334475,0.141064370974703,0.0693477553866337,0.18972164564968208,0.276703163224993
156,0.10548337180222066,0.14728364279940195,0.19491409863867884,0.2076236213067855,0.2189428432698751,0.12575242218303795
157,0.0875272338794575,0.24959701296387088,0.23612419772062473,0.21726750934871378,0.10529122469614999,0.10419282139118327
158,0.15590684244949293,0.2566729351018117,0.29069270013327525,0.11669569809381182,0.08288180647383842,0.09715001774776987
159,0.1801856114587424,0.03808655421994358,0.10721789758086932,0.256877248507336,0.05966745113908668,0.357965237094022
160,0.06423670200079742,0.419148845580354,0.09464063800372242,0.12518048281468974,0.2486736900737785,0.04811964152665797
161,0.2611799125567896,0.23034753385083778,0.05958002290979033,0.0168992254065728,0.1918509166940523,0.24014238858195716
162,0.1614699391826771,0.29157316113985776,0.24395611890125213,0.11297931311361203,0.007055717267463792,0.18296575039513716
163,0.05566083240909637,0.15550100085057525,0.3976568047392341,0.1582809707644655,0.1342189916209596,0.09868139961566925
164,0.15659669074619978,0.09389358870576012,0.2347635567884145,0.15796136812788647,0.1268057287192439,0.2299790669124952
165,0.22280238559855475,0.03179765992418717,0.3055474348022951,0.24025339087100106,0.07028918421180368,0.1293099445921583
166,0.11308756003777265,0.056916136160054365,0.27088524364233113,0.22811826179175457,0.1113013637091579,0.21969143465892935
167,0.15606965599085776,0.24578139068158195,0.20845052546358978,0.3236313528894843,0.038696233365213356,0.02737084160927297
168,0.1631449332720038,0.1535308892367899,0.08410615943236759,0.19181161760123233,0.27958822415984724,0.12781817629775907
169,0.18017109975298073,0.17143209847022625,0.08559291371642083,0.18442532878684442,0.20051710878045229,0.17786145049307542
170,0.3669823991409877,0.0146983597624385,0.32898327565695873,0.09735413516655184,0.021071239532788034,0.17091059074027515
171,0.0441054929778558,0.5555953576862963,0.050230889083478565,0.13304091439516116,0.08429023405104838,0.1327371118061599
172,0.26499446599857274,0.14664590381156828,0.03132398534299621,0.1274165986808341,0.2197630321666872,0.20985601399934153
173,0.14810836972108885,0.13844073635373777,0.23458163779885047,0.18808787362760782,0.10984945771672168,0.18093192478199338
174,0.16960808694877968,0.11981783855408919,0.10545273537538469,0.23269534217040924,0.19791386196437785,0.17451213498695925
175,0.23390434058284137,0.10600644949525675,0.06881076567715969,0.1201412300389537,0.2256979961969275,0.245439218008861
176,0.1321465324564257,0.2020648371871207,0.11452626420021571,0.2094781704299198,0.21576318195239746,0.12602101377392055
177,0.050826232784303114,0.15884717389339686,0.27906612910267803,0.2070964814030302,0.03701131901428824,0.26715266380230357
178,0.05149014185921483,0.1251046196129501,0.19997992837556083,0.27074645408799847,0.18981626529278386,0.162862590771492
179,0.20375811360739374,0.030997728022101968,0.2120167996630283,0.08185231375840596,0.23558242694157092,0.23579261800749912
180,0.06273667634041874,0.056437405898967355,0.15236626008909573,0.2997432205075651,0.2684890652384978,0.1602273719254553
181,0.036608843733363004,0.2061990153830843,0.19261359876509057,0.1973167766847367,0.15058904360081016,0.21667272183291517
182,0.19622931406931807,0.028316654470593304,0.1989441823768827,0.26573693759348865,0.09857128457439324,0.2122016269153241
183,0.27912575793340066,0.11945824328214417,0.18174876741534604,0.12574928533446814,0.20126105228608082,0.09265689374856013
184,0.18060427521291167,0.21152651320962743,0.24589256069780324,0.16337659744806088,0.04735101427671695,0.15124903915487983
185,0.22796539911078734,0.10499816252527538,0.2397375214850531,0.07655992091025704,0.13549563291383632,0.215243363054791
186,0.121482360082451,0.0399515856986012,0.2224281660168923,0.20742094470880237,0.27348374952515453,0.13523319396809852
187,0.08042482141787818,0.3415216247740033,0.1513108312561669,0.36473683327864653,0.005164531529216705,0.05684135774408828
188,0.236811782041028,0.15336147959975885,0.03725904434876062,0.029885989122200484,0.27239748336729064,0.2702842215209613
189,0.1130048973385248,0.04899154983008869,0.3122635257023907,0.42314201314432565,0.01617189790341621,0.08642611608125401
190,0.022183251087022224,0.018125364748618075,0.012679326181658599,0.2765955927476059,0.22493016307720237,0.4454863021578929
191,0.22593961291695983,0.17912321570260484,0.16513247218264143,0.21757964119039408,0.15480121827478616,0.05742383973261359
192,0.20274789246636965,0.014294911467012105,0.06554300458293086,0.12092465124033239,0.21360458701378465,0.38288495322957034
193,0.15512367116402137,0.17983894419821625,0.1951884942604354,0.2171265810299348,0.22710843422733665,0.025613875120055654
194,0.13322684128910214,0.16107128091367642,0.039484804904995965,0.26449020211332547,0.12819647724642336,0.2735303935324766
195,0.0300631919184876,0.3529986591597193,0.23904083782947377,0.12374063559280768,0.00010509447669141127,0.2540515810228202
196,0.01034550905521854,0.2620305837549423,0.18863848600768074,0.17576971012138748,0.09531804317375142,0.2678976678870195
197,0.19087420435327743,0.23678999662102987,0.05108459724290632,0.3853625741689577,0.04988875277659485,0.08599987483723368
198,0.02915502371015415,0.26515846667164783,0.10400146167517568,0.15680593349783498,0.20635623240466777,0.2385228820405196
199,0.01372356603522857,0.024742187453082817,0.4052179971034975,0.14245092965414807,0.031100985732559937,0.38276433402148313
200,0.018960821637239274,0.18735484520119028,0.22689388682782705,0.26712117536846514,0.2124391630950602,0.08723010787021807
201,0.04680272115009467,0.26654385503556566,0.060650186671762384,0.16528995516586664,0.2849539107284464,0.1757593712482643
202,0.09633087196187838,0.3584376991575117,0.17993025260972187,0.17881950201170618,0.039432844182713145,0.14704883007646882
203,0.011162414998862641,0.10645361295642816,0.02961410954710183,0.36499042605995974,0.06680032133099431,0.4209791151066533
204,0.19415323290573366,0.14046657025825235,0.26598507694342255,0.0644492894862887,0.19752971922850118,0.13741611117780153
205,0.0451108901484292,0.26475389585978554,0.16197495235781348,0.19951263203588337,0.06542513797277436,0.263222491625314
206,0.09303320353605371,0.16017647186752812,0.20657400261151482,0.26129903607884086,0.2423738392673419,0.03654344663872054
207,0.01503125497719604,0.013010414630493256,0.3710918805511672,0.2858144777614357,0.1421929975901695,0.17285897448953827
208,0.07988540345721495,0.16375354992674201,0.23757846689887838,0.25113464142384656,0.06812762801034905,0.19952031028296902
209,0.1541954681648929,0.10354001460681715,0.10311226735496921,0.2179331766376315,0.21740143302346474,0.20381764021222465
210,0.015248801093906927,0.012139533144793133,0.3540133405951402,0.15552812605604838,0.01613576887327128,0.44693443023684004
211,0.2951080403007258,0.13380176201643457,0.22546918120205242,0.021741858260960558,0.053800619558177484,0.2700785386616493
212,0.18763839156745493,0.11222493951903613,0.1273331798127986,0.16586538073473425,0.24358994456290947,0.16334816380306655
213,0.0927130534380276,0.16247105089569375,0.5130169830402901,0.14622553317993417,0.07610503675794164,0.009468342688112688
214,0.05552253727295029,0.1574532418733307,0.26689392871583134,0.03402405856786795,0.11468193608379779,0.371424297486222
215,0.14054478065101672,0.19777072820441777,0.16385200274932235,0.18357265477386447,0.14572797292150083,0.16853186069987786
216,0.09414728388567824,0.22630997374733705,0.2132514594194563,0.23763897295176,0.03746744074409462,0.1911848692516737
217,0.14059849827842236,0.18463225067876,0.12800088652468325,0.11993224058232944,0.19182816797228747,0.23500795596351734
218,0.14638960801962678,0.16624552116901561,0.1392922408994987,0.1769519769703177,0.08884360187242232,0.28227705106911893
219,0.03677824585194538,0.061387137564476994,0.41001916568343055,0.03283803690855832,0.0037557571933069024,0.45522165679828186
220,0.06890039616281086,0.17991213137697828,0.32978127162654536,0.22102628776587244,0.02269445372951959,0.1776854593382734
221,0.26646436601236495,0.07842630133294833,0.2872534015840993,0.19560380911384995,0.036787864842067586,0.13546425711466997
222,0.2589079450118946,0.022281449873098904,0.0824489129127738,0.2682353870024401,0.17547736476706277,0.19264894043272981
223,0.18935320825452095,0.1801752805229763,0.17086067618092832,0.1085739218639496,0.21397603361607287,0.13706087956155205
224,0.06931350469841688,0.29071061497180123,0.21529151475105066,0.19765856512890193,0.2175937741435143,0.009432026306315162
225,0.17627282203569258,0.10280268571375656,0.0745716906293458,0.2063496308260809,0.15261097126379003,0.28739219953133416
226,0.05636716136739382,0.210193131001263,0.24041545132488895,0.19356041245911568,0.060043208020455804,0.23942063582688275
227,0.093963974348913,0.04167508611866315,0.07342931682258934,0.31131602999006014,0.26739775242029107,0.21221784029948346
228,0.19508323596848878,0.14193988184215797,0.09645585278559925,0.20313598645169678,0.15277300237166327,0.21061204058039398
229,0.054752100575198095,0.3142779508947944,0.2345595917839965,0.04935689385538563,0.028668948877267047,0.3183845140133583
230,0.11189648116542683,0.25672866629441393,0.07038553396604012,0.2125393842435003,0.131802652480624,0.21664728184999488
231,0.23942906530111116,0.008708774678179753,0.27558766834354204,0.12478850933404506,0.19267286848432796,0.15881311385879407
232,0.2082654663844768,0.16978027055790962,0.16984360776092225,0.20818777382508363,0.01611447194491375,0.22780840952669396
233,0.28076465324676086,0.04831899278754189,0.19273894187303173,0.1409751507284679,0.10882295520307941,0.22837930616111807
234,0.3632524186470028,0.020636059697846588,0.010090055248165631,0.2224238539702122,0.3692344821250924,0.014363130311680414
235,0.15052292204026513,0.12288521339815636,0.2862680162425728,0.20811630162296968,0.0040227695811554205,0.22818477711488064
236,0.153716217134111,0.1656339586949528,0.19472388336083943,0.04863758082353775,0.2766226883908347,0.16066567159572448
237,0.34786968110943073,0.057884467135845406,0.3147002499946775,0.029686491092299226,0.18827658101332492,0.06158252965442212
238,0.2639204667377035,0.11612333553122861,0.2749667630091316,0.06023971857939309,0.0287603937396227,0.2559893224029203
239,0.2629164666995732,0.14876807448365312,0.18219326483317883,0.07576113513744581,0.1843467222232373,0.14601433662291174
240,0.3196602685448484,0.2519676645449874,0.022435392259716077,0.06907796562378518,0.06116887330192886,0.2756898357247342
241,0.11502678077830035,0.011544383625230508,0.39767870873475314,0.40979074758696127,0.0327891966444293,0.03317018263032556
242,0.08066850614848768,0.23280737074274355,0.23747595312159145,0.2519940838098159,0.08288348514581861,0.11417060103154285
243,0.20207919401503271,0.13356476446503893,0.4052370626750837,0.19629082005671,0.024351281801811016,0.03847687698632375
244,0.15988642652403018,0.029644831011808828,0.27938932782085724,0.009188665241154397,0.2326466801148382,0.28924406928731117
245,0.20963321714267177,0.22493947907583928,0.15190371542021075,0.07868951159800296,0.01632017954621538,0.3185138972170597
246,0.08877903041216748,0.12468274360812684,0.3162622741687629,0.1787814166789858,0.03694211014019406,0.2545524249917628
247,0.09222492230650871,0.20338274848079996,0.3338672923386905,0.1706646317543613,0.047567575560461345,0.15229282955917817
248,0.14463540522351087,0.2404155106232228,0.11754859019352583,0.026312707464340997,0.22337508958775792,0.24771269690764153
249,0.06858978365376686,0.050595748948125414,0.3972172702269461,0.31257518262746103,0.12312741220481349,0.047894602338887
250,0.005041945786329486,0.002691459149013181,0.24307252602310225,0.3917166428529935,0.10479785125521725,0.25267957493334425
251,0.009839106975215459,0.21481182368000887,0.2077233515367109,0.1891478855119818,0.13460787136782967,0.24386996092825336
252,0.07394268974698837,0.12350407894305533,0.2453717159602612,0.1581558532175099,0.15899848563460042,0.2400271764975847
253,0.06935824205907133,0.05821183644335978,0.4120167475296693,0.04084884727379174,0.10320963058771651,0.3163546961063914
254,0.0040200032517214825,0.1419917743195734,0.11251155870194328,0.42747023189157224,0.16787336075262324,0.14613307108256632
255,0.029237898595315705,0.323735445054398,0.1601937852204879,0.04683897306124908,0.08935743432111501,0.35063646374743423
256,0.3472731877911454,0.011302348847667613,0.1867888601143687,0.0970992749628887,0.22590055169051407,0.1316357765934155
257,0.14257165781712955,0.06898400849758798,0.1294732195033328,0.07805125328495498,0.35073440815188434,0.23018545274511032
258,0.1352607844917808,0.14032598918132594,0.10688524601263343,0.251022940429458,0.09666827942991768,0.2698367604548841
259,0.18725306141286696,0.264741766993163,0.0961636408643394,0.2195392103579012,0.03338300213552306,0.19891931823620637
260,0.02689589186120988,0.17827854393961187,0.10976804882913303,0.21026562710026583,0.1519322144941723,0.322859673775607
261,0.1628223460718209,0.0770032364416023,0.5424136629502172,0.18989910218138667,0.0013213519445946123,0.026540300410378213
262,0.2542541607637846,0.15120344633938299,0.2109186032218231,0.27266684703779626,0.06687091033948582,0.04408603229772714
263,0.03979421535964566,0.22785506654328008,0.2552441813491402,0.1985174120287209,0.05498231693378644,0.22360680778542677
264,0.08358191677471037,0.11548758230573253,0.16857886700804298,0.09965866883948402,0.07864380809181817,0.4540491569802119
265,0.23833061880287967,0.2799656805869015,0.1318792381174462,0.1221387171555998,0.15032543426331685,0.07736031107385585
266,0.0027366630162559847,0.10922380350214482,0.1921439996895384,0.1091649215210116,0.30381720250355415,0.28291340976749507
267,0.1184151684510444,0.23982203643293926,0.10100875076999218,0.030265296614709173,0.22587349873490783,0.28461524899640706
268,0.2237387227629329,0.2481462086230735,0.1548719152507692,0.15109642983905666,0.14502480627052522,0.0771219172536425
269,0.3562706955420168,0.05846297171305277,0.2656263717276303,0.0803984120688275,0.05153859412465014,0.18770295482382257
270,0.11277691419780891,0.18642938979166648,0.21515429328123392,0.16041896500600875,0.02122546702560783,0.3039949706976741
271,0.012507356116977396,0.15889484074037769,0.3927653484800312,0.3143184073690074,0.08993919419657805,0.03157485309702816
272,0.007763217629320449,0.24371615155743123,0.28748566896568867,0.12790444094804804,0.26038371163122415,0.07274680926828736
273,0.19454597762109582,0.22102471991595474,0.09086667424655699,0.19671767534016382,0.16474075017543433,0.1321042027007944
274,0.17966048017444597,0.07160893547968614,0.1200217460584065,0.23864618410274246,0.23556217463010418,0.15450047955461466
275,0.21165092404766692,0.06609200243882112,0.12936911059117054,0.21834066717062253,0.20869758909172356,0.16584970665999532
276,0.24942257045110405,0.19492408478011863,0.15455763062481007,0.012059587367648707,0.045283026895598384,0.34375309988072034
277,0.12699430417646207,0.24120005430197444,0.1434623587040913,0.2151080518970104,0.22053076270239724,0.052704468218064446
278,0.061884548190477735,0.1349197436135045,0.36477909271843795,0.06953656713752233,0.187452579308624,0.18142746903143353
279,0.014762777669063512,0.29273913433168,0.1815869413521552,0.30702924609737137,0.07489328375807117,0.1289886167916587
280,0.040783762117375486,0.11230328404636516,0.29516689846464905,0.2791507575113036,0.04159229489443143,0.23100300296587536
281,0.1547449994249868,0.12970186619484858,0.22893113822213523,0.1973222159802329,0.08409897836965399,0.20520080180814235
282,0.0415027069542842,0.33062189887859494,0.09163895126246259,0.3955894169369353,0.03120651629134077,0.10944050967638211
283,0.13606759847794966,0.18282966825171,0.07299125868381033,0.24893056426079518,0.23617107335036222,0.12300983697537261
284,0.13229832852406723,0.045682992898645775,0.1945491691054831,0.41215999360249156,0.20806786350798911,0.0072416523613231835
285,0.11738070717863261,0.21502689708193387,0.2225142466811778,0.2914641827170737,0.0038871624400954236,0.14972680390108645
286,0.27155154915195906,0.23591237284401959,0.06578529534356135,0.1895519559801466,0.02334427860934481,0.21385454807096863
287,0.20470209213966667,0.020100328894489528,0.3345776776030607,0.12849689502632294,0.07402965883575548,0.23809334750070466
288,0.11115015711506356,0.19686076800743857,0.2580151885713607,0.14685644195111922,0.254884945059728,0.03223249929529007
289,0.2232883670561649,0.17589958320023844,0.1428903943212688,0.1349927457918755,0.16886191061241929,0.15406699901803303
290,0.2206334891751364,0.19845069000823404,0.21510483652029416,0.11147089073662833,0.128368787394889,0.12597130616481805
291,0.24015367320871758,0.09087620464481369,0.2406236164015782,0.0958856145069904,0.2428303347039485,0.08963055653395158
292,0.04559983617743117,0.1568706825348231,0.3927192729397087,0.17756210753618873,0.037862464964804964,0.18938563584704318
293,0.00978529041198407,0.16086472352046896,0.26752288720654743,0.0849569200576554,0.17102478986368314,0.30584538893966107
294,0.2146426413888997,0.10858108153926824,0.14168052005433346,0.23319938580761013,0.11416154858247664,0.1877348226274119
295,0.2642035770877474,0.17381033468864077,0.03750374474194008,0.32468778697427986,0.05823923937230702,0.14155531713508487
296,0.1494712245929026,0.25867385103366003,0.2169435702835003,0.16337730400308792,0.10524553880915306,0.10628851127769608
297,0.020651596226617948,0.09729426837990367,0.33837159072938705,0.17556434418247885,0.0243582796336657,0.3437599208479468
298,0.11911762868868296,0.20190291823189355,0.2286627934505077,0.09658166392918861,0.09540912702378807,0.2583258686759391
299,0.05564510411263662,0.20881580658256582,0.2543659970851224,0.21424830420857233,0.08236413447345421,0.18456065353764847
300,0.03818615086052445,0.30685388570345457,0.43708857583210226,0.18190597525401697,0.02014278859979065,0.01582262375011123
301,0.3534191508746964,0.07031568019235764,0.06604259249110037,0.007933108203120263,0.07104419122381216,0.43124527701491316
302,0.04658639996022367,0.10759109229558536,0.25707911597393,0.15354597752113502,0.18909202614352158,0.24610538810560437
303,0.3251468480544559,0.11777531981298796,0.11873209063796651,0.0758421562042936,0.17872615573306944,0.1837774295572266
304,0.10766928652387511,0.24839271274993616,0.07562236476603708,0.18104828726821354,0.18502775357071052,0.2022395951212276
305,0.22276787267536913,0.1090065724962893,0.2710861528692476,0.23197239832524957,0.15241326577278028,0.012753737861063985
306,0.24626148703455505,0.17138291091410893,0.14763687023053773,0.2733150707995407,0.005159680293268924,0.15624398072798873
307,0.1118612964566747,0.055232276293540855,0.19274371194421605,0.1054830335382675,0.24526473676741478,0.2894149449998861
308,0.07593521227141184,0.1966914481187869,0.2260167731165183,0.07749374869891143,0.27982984306651804,0.14403297472785345
309,0.11108974006012542,0.0436033736191804,0.20869598083175592,0.18799836932883607,0.2815402616222039,0.16707227453789827
310,0.14957347812624341,0.1945082751617577,0.4228798421416211,0.09241077723085109,0.09334948297884701,0.04727814436067969
311,0.0029364036726893107,0.01932802149584213,0.37400815315737657,0.010129193966441907,0.02806617034808415,0.565532057359566
312,0.11328869300063629,0.17052025975216376,0.2626624203055757,0.12908823914419368,0.22151901202922056,0.10292137576820996
313,0.22726149208519153,0.2232673026524224,0.18326236016628566,0.10315617059529364,0.14047706541547708,0.12257560908532972
314,0.0921663524652345,0.28500803433055355,0.016418068231045108,0.28332545562125416,0.13068223531749046,0.1923998540344222
315,0.40109752801155524,0.13784849253334397,0.13827353509476611,0.14191029821186155,0.03171556348273805,0.14915458266573495
316,0.22383920640951072,0.14002355805403363,0.21723319616147527,0.19575927621262365,0.04596707234155408,0.1771776908208027
317,0.106083399621367,0.13831190133467575,0.19758031433014017,0.09113653161081457,0.05348599930938687,0.41340185379361555
318,0.25605226900988654,0.09791654734532472,0.2505188269607238,0.08223892666291292,0.061432636505109973,0.251840793516042
319,0.12979607094725307,0.23034444396994785,0.2485462703707472,0.10241584763776253,0.08261479550392678,0.20628257157036264
320,0.0013912960249432645,0.21952308622193875,0.13048860297129164,0.2819029253939793,0.0623013280603156,0.30439276132753157
321,0.03885975054451675,0.006259383670500532,0.36589587265035906,0.09982590299035975,0.26419816200908297,0.2249609281351811
322,0.0746530830163936,0.1455611675979704,0.10502912921394403,0.20574591831768224,0.23916288867484797,0.22984781317916173
323,0.08282440495611683,0.08850078787362284,0.2712524334615842,0.22025082736627072,0.16390034816724552,0.1732711981751598
324,0.0846004052895043,0.22896788595722248,0.06850994011642637,0.13476328184697006,0.16779268762031976,0.3153657991695569
325,0.13289781131370548,0.26854981994673743,0.19358900047124944,0.2865657877429193,0.10747351029508298,0.010924070230305394
